20069   4   3   4   3   4   3   5   6   6   7   5   5  55
20087   3   3   3   3   2   4   5   6   6   5   3   3  46
20107  13   9  12  10   7   6   7   9  10  12  12  12 119
20292   4   4   4   4   4   3   6   7   7   8   4   4  59
20476   7   5   5   4   3   4   5   6   7   6   5   6  63
20665   6   5   5   4   4   5   6   7   8   8   7   6  71
20674   9   8   8   7   6   7   7   8  12  11   9   9 101
20744   8   8   7   6   5   6   7   8  10  10   8   9  92
20871   7   5   5   4   4   4   5   7   8   8   7   6  70
20891   4   4   4   5   5   6   7   8   8   9   7   5  72
20946   5   4   4   4   5   5   5   6   7  10   7   6  68
20967   8   7   7   7   6   6   8   8  11  11   9  10  98
20978   8   7   7   6   6   7   8  10  10  12   9   9  99
20982   6   6   6   6   6   8   8  10  10  10   8   7  91
21432   2   1   2   2   2   5   6   6   7   5   2   2  42
21535   1   2   2   2   3   5   6   6   7   6   3   2  45
21613   2   1   1   2   4   3   4   5   6   5   3   2  38
21636   1   1   1   1   2   4   6   6   7   4   2   1  36
21711   4   2   3   3   4   4   4   5   7   7   4   3  50
21721   7   5   4   3   4   5   7   8   8   7   6   6  70
21824   6   4   4   2   4   6   8   9   7   5   5   7  67
21908   2   2   4   4   6   7   8   9   7   8   5   3  65
21921   7   5   6   4   5   8   9  11  10  11   9   7  92
21931   3   3   3   2   5   6   7   8   8   6   6   4  61
21937   4   3   3   3   5   7   8   8   7   6   6   5  65
21946   4   3   3   2   3   5   5   6   7   7   6   4  55
21978   3   2   2   3   2   3   6   7   8   7   4   3  50
21982   2   2   2   2   2   3   5   6   4   4   3   2  37
22003  13  11  10  10  10  10  10  10  11  16  12  13 136
22004   9   8   8   8   9  10  11  11  10  12  10  10 116
22012  12  10  10   8   9   9  10  10  11  15  13  13 130
22018  10   9   9   8   9  10  11  12  11  13  10  11 123
22028  10   7   8   7  10   9  10  11  12  15  11  11 121
22095   9   7   6   5   5   7   6   9  11  14  11  12 102
22101   9   7   7   8  10  11  11  11  10  10   9   8 111
22105  10   8   8   7   9  10  12  12  10  11  11   9 117
22106   9   8   7   7   9  11  12  11  10  11   9   9 113
22113   9   7   7   7   8  10  11  11  10  12  10  10 112
22123  14  11  11  10  11  11  11  13  13  16  14  14 149
22127   7   8   7   7   9   9  11  10  10  10   8   9 105
22133  11   8   9   9   9   8  10  10  11  14  12  11 122
22165  12  10   9   7   7   8   7   9  11  15  13  14 122
22193   9   8   8   7   6   7   8   8  10  14  12  13 110
22204  10   9  10   9  11  11  13  12  11  11  11  11 129
22212  10   7   7   6   8  10  11  10   9  10   9   8 105
22213  11  10   9   7   8   9  11  10  10  11  11  11 118
22214   9   8   9   7   9   9  11  10  10  10  11  10 113
22217  10   8   8   7   9   9  11  10   9  10  10  10 111
22235   9   8   9   8   9  10  10  11  10  11  10  10 115
22249   8   7   8   7   9   9  10  11  10  12  10  11 112
22271   8   7   7   6   7   7   7   9  11  13  10  11 103
22282   8   7   6   5   5   7   7   8  10  12   9  10  94
22292   9   8   7   7   6   7   8   9  11  13   9  10 104
22305  10   8   8   7  10  10  11  10   9  10  10  10 113
22312  10   9   8   7   9   8   9   9   9  10  10  11 109
22324  10   8   8   7   9   7   9   9  10  10  11  10 108
22334   7   7   7   6   8   8   9   9   9  11   9   8  98
22339   8   7   7   5   7   7   8   9   9  11  10  10  98
22349   8   7   7   5   8   7   9   9   9  11  10  10 100
22365   9   8   8   7   8   8   9  10  14  14  11  12 118
22375   8   7   8   7   9   9   9  11  14  14  11  11 118
22408  10   8   8   7   9  10  11  11  10  11  11  10 116
22413  11  10  10   7  10  10  10  11  12  12  13  12 128
22422   9   7   7   6   8   8   9   9   9  10   9  10 101
22429  11   8   8   7   8   8   8   9  11  13  14  12 117
22438   7   5   6   5   6   7   7   8   9  11   9   7  87
22456  10   9  10   8   9  10  10  11  12  14  13  13 129
22471  10   9   8   7   9   9  10  11  13  13  11  12 122
22481   9   8   8   8   9   9  10  11  12  13  11  12 120
22511  10   9   9   7  10  11  11  11  10  11  11  10 120
22520   8   6   7   6   9   9  10  10  10  11  10   8 104
22525   9   7   7   7   8   9   9  10  11  11  11   9 108
22529  10   8   9   7   9   9  10  10  11  14  13  11 121
22541  10   7   8   6   7   8   8   8  10  12  12  10 106
22546   9   7   7   6   8   9  10  10  10  13  12  10 111
22550  11   9   9   7   9  10  10  11  11  14  14  13 128
22551   9   7   7   6   9   8   9   9  11  13  12  11 111
22559  10   8   8   6   8   9  10  11  10  12  12  12 116
22563  10   8  10   7   9   9  10  10  11  12  12  13 121
22573   9   7   8   7   9   9   9  10  11  12  10  12 113
22583  12  10  10   9  10  10  10  12  12  14  13  14 136
22602  12   9  10   7   9  10  11  11  12  12  13  12 128
22619   9   8   9   7   9  10  11  11  10  12  11  10 117
22621  10   8   9   7  10  10  11  11  11  13  12  11 123
22638  12   9  10   8   9  10  10  11  12  15  13  12 131
22641  11   9   8   6   9   9   9  10  12  14  13  12 122
22648  10   8   8   7  10  10  11  10  10  11  12  10 117
22656  10   8   8   7  10   9  10  11  10  12  12  12 119
22671  12  10   9   8  10   9  10  10  11  13  13  14 129
22676  11   8   8   8  10   9  10  11  12  12  12  13 124
22686  10   8   8   8   9  10  10  11  12  12  11  11 120
22695  12   9   9   8  10  10  10  12  12  14  13  13 132
22707  12   9   9   7   8  11  11  12  11  13  12  13 128
22717  13   9  10   8   8  10  10  11  11  13  13  13 129
22721  13  11  10   8   9  10  11  11  11  14  13  13 134
22727  10   8   9   7   8  10  11  11  11  12  12  11 120
22749  12   9  10   7   9  10  10  12  11  12  12  12 126
22762  12  10   9   8  10  10  10  11  11  13  13  13 130
22768  11   8   8   7  10   9   9  11  10  12  11  12 118
22778  12  10   9   8  10  10   8  11  11  13  13  13 128
22781  11   8   8   7   9   9  10  11  11  12  11  12 119
22798  13   9   9   8   9  10   9  11  11  13  13  14 129
22802  12   9   9   7   8  10   9  10  10  12  12  12 120
22805  11   8   8   6   6   9   8   9   9  11  11  13 109
22806  13  10  11   8   8  10  10  11  10  12  13  14 130
22820  10   8   9   7   8  10  11  11  11  12  12  12 121
22829  11   9   9   7   9  10  11  12  11  12  12  12 125
22831  12  10  10   8   9  10  10  11  11  14  14  14 133
22837  12  10  10   8   9  10  10  12  11  14  14  13 133
22845  12  10  10   8  10  10  11  11  11  13  12  14 132
22854  15  12  12   9  11  11  11  13  13  15  16  16 154
22867  11   9   8   8   9  10  10  11  10  11  12  12 121
22869  12  10   8   7  10  10   9  11  12  13  13  14 129
22876   9   7   6   6   9   9   9  11  10  10  10  11 107
22887  11   9   8   7   9  10   9  10  10  11  12  13 119
22889  11   8   8   7  10  10  10  11  11  12  12  13 123
22891  13   9   9   7   8  10  10  10  11  12  13  13 125
22892  12   9   9   7   7   9   9  10  10  12  12  13 119
22897  12  10   9   7   8   9   8  10  10  12  13  13 121
22912  13  10  10   7   8   9   9  11  11  13  14  15 130
22913  14  10  11   8   8  10  11  11  11  13  14  15 136
22917  12   9   9   8   8  11  10  11  11  14  14  13 130
22925  13  10  11   8   9  11  12  12  12  13  14  15 140
22939  10   8   8   7   9  11  10  11   9  11  11  10 115
22944  11   9   9   7   8  11  11  11  11  12  11  12 123
22951  14  11  11   9  11  11  11  12  11  14  15  15 145
22954  13  10  10   8  10  11  11  12  11  14  14  14 138
22974  12  10   9   8  10  11  10  12  11  13  13  13 132
22981  11   9   8   7   9  10   9  10  10  11  11  12 117
22983  13  10   9   7   9  11  10  11  11  13  13  14 131
22996  12   9   9   7   9  11  10  12  11  12  13  13 128
23022  10   7   7   7   6   7   9  10  11  15  11  10 110
23024   7   6   6   5   5   6   7   8  10  12   8   8  88
23029   6   5   4   4   5   5   8   8   9  10   6   6  76
23032   6   5   5   5   5   6   7   8  10  11   7   7  82
23058   4   4   3   4   3   5   7   9   8   8   5   5  65
23074  12  10  10   8   7   8   7  10  10  14  12  12 120
23078  10   8   9   8   9   9   8  10  10  13  11  12 117
23103  11   8   8   6   6   6   7   8  10  14  12  12 108
23112   8   8   7   6   6   6   8  10  11  13   9   9 101
23114   8   7   7   6   6   7   8  10  11  12   8  10 100
23174   9   8   8   7   7   9   8  11  11  14  11  10 113
23179  14  12  13  10   9   9   8  11  12  17  15  14 144
23205  10   8   8   8   9   9   9  12  12  13  11  12 121
23207   9   8   8   8   9   9  10  12  12  13  10  11 119
23215  10   8   8   7   8   9   9  11  11  13  10  11 115
23219  10   7   7   7   8   9  10  12  11  15  11  11 118
23220  11   9  10   9  11  11  11  13  13  16  13  14 141
23226  13  10  11   8   8   9  10  12  11  15  12  13 132
23242   8   6   6   7   7   6   6   8   8  11   8   9  90
23256  11   9  10   9   8   9   8  11  11  15  12  12 125
23274  12  10  10   8   8   9   8  11  11  16  13  14 130
23305  10   8   8   8   9   9  10  12  12  13  11  12 122
23311  11   8   9   8   8   9   9  12  12  14  12  12 124
23324  11   9   9   8  10  10  10  12  12  16  12  13 132
23330   8   7   7   7   7   9   9  10   9  11   9   9 102
23339   9   7   8   7   8  10   9  10  10  13  10   9 110
23345   6   5   5   6   7   8   8  10  10  11   8   8  92
23358   8   6   7   7   8   9   9  11  11  14   9   9 108
23363   8   7   6   7   6   8   8   9  10  14  11  10 104
23375  14  11  11   9   9   9   9  12  11  17  15  15 142
23383  10   7   8   7   7   9  10  12  11  13  12  11 117
23405  11   9   8   8   9  10  10  12  11  14  11  13 126
23411  10   8   8   8   8   9  10  12  11  14  11  12 121
23412  11   9   8   8   8  10  10  11  12  15  12  14 128
23416  12  10  11  10  11  11  12  14  14  17  14  15 151
23418  13  11  10   9   9  11  10  12  13  15  13  15 141
23426   9   7   8   7   8   9   9  10   9  10   9   9 104
23431   9   7   8   8   8   8   9   9   9  11   9   9 104
23443   9   7   8   8   8   9   9  11  11  14  11  10 115
23445   9   7   7   7   8  10   9  10  10  14  10  10 111
23453   9   8   8   8   8  10   8  10  11  14  12  11 117
23463  11   9   9   8   7   8   7  10  11  15  12  13 120
23465   8   6   6   7   7   9   7  10  10  12  10   9 101
23471   9   7   7   8   9   9   8  11  11  12  11  11 113
23472  12  10  10   9   9  10   9  12  12  17  14  13 137
23484  11   9   8   8   8   9  10  11  12  14  12  12 124
23499   4   3   4   4   6   9   9  11   8   8   6   5  77
23501  10   8   7   8   9  10  11  11  11  13  10  12 120
23503  11   9   8   8   9  10  10  12  11  14  11  13 126
23509  11   8   8   7   9  10  10  12  11  12  10  12 120
23514  14  10  10   9  10  10  11  13  13  15  13  15 143
23518  14  11  10   9   9  11  10  12  12  15  14  16 143
23527   9   7   7   7   8   8   9  10   9   9   8   9 100
23552  11   8   9   8   9   9   8  11  10  14  11  11 119
23578  15  11  10  10   9   9   9  11  13  17  15  15 144
23589  11   8   7   7   8  10   9  10  10  13  12  12 117
23606  11   9   9   7   9  11  10  12  11  13  12  13 127
23612  13  10   9   8   9  10  10  12  12  15  14  15 137
23625   8   6   6   7   9   9   9  10   9   9   9   9 100
23629   9   6   7   8   8   9   8  10   9  10  10   9 103
23631   9   7   7   8   8   9   9  11   9  11  10   9 107
23632   9   6   6   7   8   9   9  11   9  11  10   9 104
23635   9   7   8   8   9  10   9  12  10  12  10   9 113
23656   9   7   8   8   9   9   9  11  10  13  12  11 116
23662  11   8   8   8   8   9   9  11  11  14  13  11 121
23678  13  10   9   9   9   9   9  10  12  16  15  15 136
23699   6   4   5   6   8  10   8  10   9  11   9   7  93
23701  13  10   9   8  11  11  10  11  12  14  13  14 136
23707  11   9   8   8   9  10   9  11  11  12  12  13 123
23708  12  10   9   8  10  11  10  11  11  13  13  14 132
23709  13  10   9   8  10  11  10  11  11  14  13  14 134
23711  13  10   9   8   9  11  10  12  12  13  14  14 135
23724  10   6   6   8   8  10  10  11  10   9  10   8 106
23734  12   7   8   8   9  10   9  11  10  12  11  11 118
23774  11   8   8   8   9   9  10  10  11  14  13  12 123
23776  11   9   7   7   9   9   8   9  11  14  13  13 120
23788  14  12  11   9  10  11   9  12  12  17  15  16 148
23789  11   8   8   9  10  12  10  12  10  15  14  12 131
23803  14  11   9   8  10  10  10  11  12  13  14  16 138
23804  13   9   8   8   9  11  10  11  12  13  13  14 131
23807  10   8   7   7  10  11  10  11  12  12  12  12 122
23812  13  10  10   9   9  10  10  12  12  14  14  14 137
23823   9   7   7   8   9  10   9  11  10  10   9  10 109
23827   8   5   6   7   9   9  10  11  10   8   8   7  98
23829  10   7   7   7   9   9   9  10  10  10  10   9 107
23847   9   6   6   7   8   9   8  11  10  10  10  10 104
23848   8   6   6   7   8   9   8  11  10  10  10   9 102
23859   9   6   7   7  10  10   9  10  11  12  11  11 113
23862  11   8   8   8   8   9   9  10  12  14  13  13 123
23867  10   8   8   7   9  11   9  11  11  13  12  12 121
23884  12  10   8   8  10  10   9  11  12  14  15  15 134
23891  10   8   8   7   9  10   8  10  10  14  13  12 119
23904  13   9   8   7  10  11  10  12  11  13  13  13 130
23905  12   9   9   8   9  11  10  11  11  13  13  14 130
23909  13   9   9   8  10  11  11  12  11  14  13  14 135
23912  11   8   8   8  10  11  11  12  13  14  13  13 132
23913  15  11  10  11  11  12  12  14  14  17  16  16 159
23914  16  11  10   9  10  11  11  12  13  15  15  17 150
23919   8   5   6   7   8  10  10  11  10   8   8   7  98
23921   8   6   5   7   9   9  10  10  10   9   8   7  98
23929   8   6   5   6   8   8   8   9   8   8   8   8  90
23933  10   7   7   7   8   9   8  11  10  11  10  12 110
23946  10   8   8   8  10  11   9  12  11  12  12  12 123
23947  10   7   7   8   9   9  10  12  10  11  11  12 116
23955   8   5   6   7   9  10   8  11  11  11  10  10 106
23966  10   8   8   8  10  10  10  10  11  14  13  13 125
23973  12   9   8   8  10  10   9  10  12  14  14  14 130
23975  10   7   6   7   9  10  10   9  11  12  12  12 115
23982  11   9   9   8  10  11   9  11  12  15  15  13 133
23986   9   9   9  10  10  11  10  11  13  16  14  13 135
23987  13  11   9   8  10  10   9  10  12  15  16  16 139
23992   7   5   4   7   8  10   8  10  10  11  10   9  99
24076   2   2   2   2   5   8   9   9   8   5   4   3  59
24125   4   4   4   5   6   7   7   8   8   9   7   5  74
24136   3   3   4   3   5   7   7   8   8   9   5   4  66
24143   4   3   4   4   5   7   7   8   9  11   6   5  73
24219   3   3   3   4   7   8   8   8   8   7   5   3  67
24261   1   1   1   1   4   6   7   7   5   3   3   2  41
24263   2   1   1   2   4   6   7   6   5   5   3   2  44
24266   2   1   2   2   4   6   6   7   4   4   4   3  45
24322   3   3   5   6   8   9   8   9  10  10   7   4  82
24329   3   2   3   4   6   8   8   8   7   8   6   4  67
24343   4   4   4   4   6   7   6   8   8  12   7   5  75
24371   1   1   1   2   5   8   8   8   7   4   2   2  49
24382   2   2   2   2   3   6   7   8   5   3   4   2  46
24449   4   4   4   4   6   7   6   7   8  10   7   5  72
24507   6   4   4   5   7   9   9  10   9   9   7   7  86
24525   3   2   3   4   6   9   7   8   8   9   6   4  69
24538   4   2   3   4   5   7   6   6   7   8   7   4  63
24557   5   4   4   5   7   7   7   7   9  11   8   5  79
24585   2   2   1   2   4   7   9   9   7   5   4   2  54
24588   1   1   1   2   4   7   9   8   5   5   4   2  49
24606   4   3   3   5   6   8   8   9   7   8   7   5  73
24639   4   2   3   3   6   8   7   7   7   8   6   5  66
24641   4   3   3   4   5   7   6   6   7   8   7   5  65
24644   3   2   2   3   5   7   6   7   7   6   5   4  57
24652   4   3   4   4   6   7   6   7   8  11   7   4  71
24656   3   3   3   3   5   7   6   7   8   9   6   3  63
24661   3   3   3   4   7   8   8   8   9   9   6   3  71
24668   2   2   2   3   5   6   6   7   7   9   5   3  57
24684   2   2   2   2   4   7   9   8   6   5   4   2  53
24688   2   2   1   2   4   7   8   8   6   4   4   2  50
24691   3   2   2   2   4   7  10   9   6   5   5   3  58
24713   4   3   4   5   7   9   8   9   8  10   8   5  80
24718   4   3   3   5   6   8   8   8   7   9   8   5  74
24724   5   4   6   6   7   8   8   8  10  14   9   6  91
24725   5   3   4   5   6   8   7   7   8  10   8   6  77
24726   4   2   4   5   6   8   7   8   8   9   7   5  73
24737   4   2   3   3   6   7   7   8   7   7   6   4  64
24738   5   3   3   3   6   7   7   8   7   8   7   5  69
24739   6   4   4   5   7   8   7   7   9  10   9   7  83
24753   3   3   3   2   5   6   6   6   6   6   6   3  55
24758   3   3   3   3   6   7   7   7   8   7   6   4  64
24763   3   2   2   3   5   7   7   8   7   8   6   3  61
24768   2   2   1   2   5   6   7   6   6   7   5   3  52
24771   3   3   3   5   7   9  10  10  11  12   6   4  83
24790   3   2   1   2   4   8  10  10   6   6   5   3  60
24796   7   6   5   4   5   8  10  10   7   8   8   7  85
24799   4   4   4   4   5   7   9  10   8   9   7   5  76
24802   5   4   3   6   7   9   8   9   8   9   7   6  81
24807   6   4   4   6   8   9   8   8   7  11   9   6  86
24817   5   4   4   6   6   8   8   8   8  11   9   7  84
24826   7   5   5   5   6   9   8   9   9  11  11   8  93
24843   3   2   2   3   5   6   7   7   7   7   5   4  58
24856   2   2   2   2   5   7   6   6   6   5   5   3  51
24871   2   2   2   3   6   6   8   8   8   8   5   2  60
24891   4   4   2   3   5   8  10  10   6   7   6   4  69
24898   4   4   3   3   5   8   9  10   7   7   6   4  70
24908   8   5   5   7   9  10   8   8   9  12  11   9 101
24918   6   4   4   6   7   9   8   8   9  10   9   7  87
24923   7   5   5   5   7   8   8  10   9  11  11   8  94
24928   9   6   5   6   7   9   8   9   9  12  11  10 101
24933   5   3   3   3   6   6   8   7   7   8   7   5  68
24944   6   4   3   3   6   7   8   8   8   7   8   7  75
24951   5   3   3   3   6   8   7   8   7   6   6   6  68
24959   2   3   2   2   5   6   6   6   6   6   5   3  52
24962   3   2   2   2   5   7   6   7   7   5   6   3  55
24966   3   2   2   3   6   7   7   7   8   7   6   4  62
24967   4   2   2   2   6   7   8   7   8   6   6   4  62
24975   3   2   2   4   6   8   9   8   8   6   5   3  64
24982   1   1   2   5   6   8   8   9   8   6   3   1  58
24988   3   2   3   5   6   8   9   9   9   7   5   2  68
25017   2   3   2   1   2   5   5   6   4   5   4   3  42
25034   2   1   2   1   2   4   6   6   7   5   3   2  41
25042   3   3   2   3   2   3   4   5   6   7   4   3  45
25044   3   3   3   3   3   4   7   7   7   7   4   4  55
25051   5   4   3   4   3   5   7   7   8   7   4   5  62
25062   4   2   3   4   3   4   7   7   7   7   7   4  59
25121   2   2   2   2   2   4   6   6   5   5   4   2  42
25123   4   3   4   3   3   4   6   7   8   8   5   5  60
25129   4   4   3   3   3   5   7   8   8   8   6   5  64
25138   4   4   3   2   3   6   8   8   7   6   5   5  61
25147   3   3   3   3   4   7   8   9   7   6   5   4  62
25151   5   5   4   4   2   5   7   8   8   7   6   6  67
25173   5   4   3   4   4   4   7   8   8   9   8   5  69
25206   3   4   4   2   3   6   7   7   6   7   6   5  60
25248   3   3   3   2   2   5   7   8   5   5   6   4  53
25325   4   4   4   2   3   6   8   8   7   7   6   5  64
25335   5   3   3   4   4   6   8  11  10   9   6   5  74
25378   6   6   4   4   6   7  10  10   7   6   6   6  78
25399   6   6   4   5   5   4   6   9   8  10   8   6  77
25400   4   5   4   3   3   6   8   8   6   6   7   5  65
25428   3   3   3   2   3   6   8   9   7   5   6   4  59
25526   4   3   3   2   3   6   8   9   7   6   5   4  60
25551   7   6   5   5   5   6   8  10   7   7   8   8  82
25561   7   7   6   4   5   5   7   9   7   7   7   7  78
25563   8   7   6   5   4   5   7   8   6   7   7   7  77
25594   8   9   7   7   6   5   7  11   8   9   9   9  95
25611   5   6   5   3   4   7   8   9   6   7   8   6  74
25627   3   3   3   2   3   6  10  10   7   5   6   3  61
25700   5   5   4   3   4   8   9   9   6   7   6   5  71
25703   7   7   5   3   3   6   8   8   5   6   8   8  74
25705   8   8   7   5   5   7   8  10   7   9  10   9  93
25707   7   7   6   4   5   7  10  10   8   8   9   7  88
25715   5   5   4   3   4   6   9  10   7   7   6   6  72
25808   8   8   7   5   6   8  11  12   9  11  11   9 105
25904   3   3   3   4   4   8   9  10   7   8   6   4  69
25907   3   3   3   5   5   8   9  10   8   8   7   4  73
25912   2   2   2   3   4   6   7   9   8   7   6   3  59
25913   4   4   4   5   6   6   8   9   9   9   9   5  78
25914   3   2   3   5   5   7   8  10   9   8   6   4  70
25916   6   4   5   4   4   5   7   8   9  10  10   6  78
25919   4   3   3   4   4   5   6   8   8  10   9   4  68
25922   4   5   5   5   6   5   7   8   7  10   8   4  74
25954   5   6   6   4   5   6   8   9   7   9   7   5  77
25956   6   6   6   5   5   6   8  10   8   8   7   7  82
26059  13  10  10   7   8  11  10  12  12  13  13  13 132
26061  12  11  10   8   8  10  10  11  11  13  13  13 130
26063  12   9   9   7   8  10  10  11  11  12  12  12 123
26064  12   9   9   7   8  10  10  11  10  12  11  12 121
26067  13  10   9   7   8  11  10  12  11  13  13  14 131
26069  12   9   9   7   8  11  10  11  11  12  13  12 125
26072  12  10   9   8   8  10  10  11  11  13  13  13 128
26080  12   9   9   8   8  10  10  10  10  12  12  12 122
26094  15  10  11   8   9  12  11  12  11  13  14  15 141
26099  14  11  10   7   9  11  10  11  10  12  13  14 132
26157  12   9   9   7   7  10  10  11  11  12  12  11 121
26167  12   9  10   7  10  12  11  11  11  12  13  12 130
26179  11   8   9   8   8  10   9  11  10  11  11  11 117
26258  13   9   9   7   9  11  10  12  10  11  12  12 125
26264  14  11  11   8  10  12  10  12  11  13  14  14 140
26268  13   9   9   7   9  12  10  11  11  12  12  11 126
26275  12   9   9   7   9  11  10  10  10  11  12  12 122
26285  14  10  10   8  10  11  11  11  11  12  13  14 135
26289  15  10  10   9  10  12  11  11  12  13  14  15 142
26298  13  10  10   8  10  11  10  12  11  11  12  13 131
26359  12   9   9   7   9  12  10  11  11  11  12  12 125
26378  12   9   9   7   9  12  10  11  10  12  12  12 125
26381  14  10   9   8  10  12  11  12  11  12  13  13 135
26389  13  10  10   7  10  12  10  11  11  12  12  13 131
26393  11   9   8   6   9  11  10  10  11  11  11  11 118
26456  12   9   9   7   9  12  10  10  10  12  11  11 122
26462  11   9   9   7   9  11  10  10  10  11  11  10 118
26477  11   9   9   7   9  11  10  11  10  10  10  10 117
26479  14  11  10   7   9  12  11  11  11  12  13  13 134
26488  14  10  10   7  10  12  11  12  11  12  13  14 136
26499  11   9   8   7  10  11  10  11  10  10  11  12 120
26578  12  10   9   7   9  11  10  10  10  10  11  12 121
26585  12   9   9   6   9  12  10  11  11  11  12  12 124
26607  14  11  11   7   8   9   8  10  11  13  14  15 131
26614  13  11  10   8   9  11  11  11  11  11  13  13 132
26686  11   9   9   7   9  11  11  10  10  10  10  11 118
26695  11   9   8   7   9  11  10   9  10  10  10  12 116
26701  12  10   9   7   8   9   9  10  10  12  12  13 121
26702  14  11  11   7   8  10   9  11  11  13  13  14 132
26706  11  10  10   8   8  11  10  11   9  10  11  12 121
26711  13  10  10   8   9  11  11  11  10  11  12  13 129
26781  13  10  10   8  10  11  11  10  10  11  12  12 128
26783  12  10  10   8  10  11  11  10   9  10  11  12 124
26795  12  10   9   8  10  12  11  10  10  11  11  12 126
26882  10   9   9   7   9  11  11   9   9  10  10  10 114
26894  10   9   9   7   9  11  11   9   9   9  10  10 113
26896   9   9   8   8   8  11  11   8   9   9   9  10 109
26898  11  10   9   8   8  11  11   9   9   9  10  11 116
26976  10  10   9   7   9  10  10   8   9   9  10  11 112
26985  10  10   9   7   9  10  10   8   9   9  10  10 111
26996  10  10   8   7   9  10  10   8   9   9   9  10 109
26997  10   9   9   8   8  10  10   8   9   9   9  10 109
27008  12   9   9   7   9  11  11  11  10  12  12  13 126
27026  10   8   8   8   8  10  10  11   9  11  11  11 115
27037  11   9   8   8   8  10   9  11  10  11  11  11 117
27044  13  10  10   8   9  11  11  12  11  13  14  14 136
27051  13  10   9   7   8  11  10  11  10  11  11  13 124
27066  13  10   9   8   9  11  10  11  10  12  13  13 129
27083  13  10  10   8  10  12  11  12  11  13  13  14 137
27097  13  10   9   8   9  12  10  11  11  13  13  14 133
27106  12   9   8   8   9  12  10  11  10  11  12  12 124
27108  13  10  10   8   9  11  10  11  11  12  13  13 131
27113  12  10  10   7   8  11   9  10   9  12  12  13 123
27157  13  10   9   8   9  11  10  11  11  12  12  13 129
27164  11   8   8   7   8  10  10  11  10  11  10  11 115
27174  13  10   9   7   9  11  10  11  10  12  12  13 127
27176  12  10   9   7   8  10  10  11  10  11  12  13 123
27185  13  10   9   8   9  11  10  11  10  13  13  14 131
27199  14  10  10   8   9  11   9  11  10  12  13  14 131
27208  13  11   9   8   9  11  10  11  10  11  13  14 130
27213   9   8   7   7   8  10   9  10   9  10  10  10 107
27215  13  10   9   8   9  10  10  11  10  12  12  13 127
27220  13  10   9   7   9  10   9  11  10  11  12  12 123
27223  13  10  10   8   8  10   9  11  10  12  13  14 128
27229  13   9   8   8   9  11   9  11  10  11  12  12 123
27235  13  10   9   8   8  11   9  11  11  12  11  13 126
27242  12   9   8   8   9  11  10  11  10  11  12  12 123
27243  12   9   8   8   8  10   9  10  11  11  11  12 119
27252  11   8   8   7   9  11  10  11  10  12  11  11 119
27259  14  10   9   8   9  11  10  10  10  12  13  14 130
27271  12   9   8   7   9  12  10  10  10  11  12  12 122
27277  13  10   9   7   9  11  10  11  10  12  12  13 127
27281  12   8   8   7   8  11  10  10  10  12  12  12 120
27283  12   9   8   7   8  10   9  10  10  12  12  12 119
27295  14  10   9   8   9  11   9  10  10  13  13  14 130
27296  12   8   9   7   9  11   9  10  10  12  11  12 120
27316  12   9   7   7   8  10   8  10   9  11  11  11 113
27321  12   9   8   7   9  11   9  10  10  11  11  11 118
27329  11   8   7   7   8  11  10  10   9  11  10  10 112
27333  12   8   8   8   8  10   9  10   9  11  10  12 115
27344  12   8   8   7   8  10   9  10   9  10  10  11 112
27346  12  10   8   8   8  11  10  10   9  11  11  13 121
27347  12   9   8   7   9  11  10  11   9  11  11  11 119
27355  11   9   8   7   8  10   9   9   9  11  11  12 114
27369  12   9   8   7   8  11  10  10  10  11  11  13 120
27373  11   8   7   7   8  10   9   9   9  11  11  11 111
27385  11   9   7   7   8  10   9   9  10  11  10  10 111
27393  13   9   9   7   8  10   9   9  10  12  12  12 120
27401  11   9   8   7   9  11  10  10  10  10  10  11 116
27402  12   9   8   7   9  11  10  10  10  11  11  12 120
27417  12   9   8   8  10  11  10  11  10  11  12  12 124
27419  13  10   8   7   9  11   9  10  10  12  12  12 123
27425  13   9   8   8   9  12  10  10  10  11  11  12 123
27428  12   9   8   7   8  11  10  10  10  11  11  11 118
27437  11   8   7   7   8  11   9  10   9  11  10  10 111
27441  12   8   7   7   8  10   9  10   9  10  10  11 111
27453  13   9   9   8   9  11   9  10  10  11  12  12 123
27458  12   9   8   7   7  11  10   9   9  11  11  12 116
27459  11   8   8   7   8  10   9   9   9  10  11  11 111
27462  12   9   8   7   8  11   9  10  10  11  11  12 118
27463  11   9   8   7   8  10   9  10   9  11  10  11 113
27479  11   8   8   7   7  10   8   9   9  11  10  11 109
27480  11   8   7   7   8  10   9  10   9  11  11  10 111
27485  11   8   7   6   8  10   8   9   9  10  10  10 106
27491  10   7   7   6   8  10   9  10  10  11  10  10 108
27498  10   8   7   6   8  10   9   8   9  10  10   9 104
27502  12  10   8   7  10  11  10  11  10  11  11  12 123
27507  10   9   8   8   9  11  11   9  10  10  10  11 116
27509  12  10   8   7   9  12  10  10  10  10  11  11 120
27511  12   9   7   7   9  11   9  10  10  11  11  11 117
27523  12   9   8   7   9  10  10  10  10  10  10  12 117
27526  13  10   8   8   8  11  10  10  10  11  11  12 122
27532  11   9   8   7   8  10   9  10   9  11  11  11 114
27538  10   9   7   7   8  11  10   9   9  10  10  11 111
27539  12  10   8   8   8  11  10  10  10  12  12  12 123
27543  11   9   7   8   8  11  10  10   9  11  11  11 116
27549  11   9   7   7   7  10   9   9   9  11  10  11 110
27553  13  10   9   7   8  10   9   9  10  11  11  13 120
27555  12   9   8   7   8  10   9   9   9  11  11  12 115
27563  11   8   8   7   7  10   9   9   9  10  10  11 109
27565  10   8   7   7   7  10   9   9   9  10  10  10 106
27577  11   8   8   6   7  10   9   8   9  10  10  11 107
27581  10   7   7   6   7  10   9   8   9  10  10  10 103
27587   8   6   6   6   7   9   8   9   9   9   9   9  95
27593  11   8   7   6   7   9   8   8   9   9  10  11 103
27594  10   7   6   6   7   9   8   8   8   9   9   9  96
27595  11   9   7   6   7   8   8   8   9  10  10  10 103
27606  12  10   9   8   9  11  10  10  10  11  11  12 123
27611  12   9   8   7   9  11  10   9  10  10  11  11 117
27612  13  10   8   8   8  11  10  10  10  11  11  12 122
27618  10   9   7   7   8  10  10   9   9  10  10  11 110
27625  10   9   7   7   8  11  10   9   9  10  10  10 110
27636  11   9   7   7   7  10   9   9   9  11  10  11 110
27643  10   8   6   7   6  10   9   9   9  10   9  10 103
27648  11   9   7   7   6  11   9   8   9  10  10  11 108
27653  10   8   7   6   7   9   9   9   9  10  10  10 104
27665  11   9   7   7   7  10   9   9   9  10  10  11 109
27666   9   7   7   6   7   9   8   8   9   9   9  10  98
27675   9   6   6   6   6   9   8   8   9   9   8   9  93
27679   9   7   6   6   7   9   8   8   8   9   9   9  95
27683  10   8   6   6   6   8   8   8   8   9   9   9  95
27685   9   7   6   6   7   9   8   9   9   8   9   8  95
27693  11   9   7   6   7   9   8   9   9  10  11  11 107
27697   8   7   6   5   7   9   7   8   9   9   9   8  92
27703  11  10   8   7   8  11  10   9   9  10  10  11 114
27704  11  10   8   8   9  11  10   9  10  10  10  11 117
27707  11  10   8   7   9  11  10   9   9  10  10  11 115
27717  11  10   8   7   8  11  10   9  10  10  10  11 115
27719  11   9   8   8   7  11  10   9   9  10  10  11 113
27729   9   8   7   7   6   9   9   7   8   9   9  10  98
27730  10   9   7   7   6   9   9   8   8  10  10  11 104
27734   9   8   7   6   7  10   8   7   8   9   9  10  98
27736  10   9   7   7   6  10  10   8   8  10   9  11 105
27745   9   7   7   6   6   9   9   8   8   9   9  10  97
27752   9   7   7   7   7  10   9   8   9   9   9  10 101
27756   9   8   7   6   7   9   8   8   9   9  10  10 100
27758  10   8   7   6   7  10   9   8   9   9  10  10 103
27760   9   8   7   6   7   9   8   8   8   8  10  10  98
27777  10   8   7   6   6   9   8   8   8   8   9  10  97
27782   7   6   5   5   6   9   8   8   8   8   8   8  86
27786   8   7   6   5   7   8   7   7   8   8   8   9  88
27799  12   9   7   6   6   8   7   8   9  10  10  11 103
27809  10   9   8   7   8  11  10   8   9  10   9  10 109
27814  10   9   8   7   8  10  10   8   9  10   9  10 108
27817  11  10   8   8   9  11  11   8   9  10  10  11 116
27821  10   8   7   8   7  11   9   8   9  10  10  10 107
27823   9   7   6   7   7  10   9   7   8   9   9   9  97
27824  10   8   8   7   7  10  10   7   9  10   9  11 106
27835  11   8   7   7   7   9   9   7   8   9  10  11 103
27836   8   7   6   5   6  10   8   6   8   8   8   9  89
27848  12   9   8   6   7   9   9   7   9  10  10  11 107
27857  11   9   7   6   7  10   8   7   8   9   9  11 102
27858  12   9   8   6   7   9   8   8   8   9  10  12 106
27861   9   7   7   6   7   9   8   8   8   9   9  10  97
27872   9   8   7   6   7   9   9   9   8   9   9  10 100
27877  11   9   8   7   7   9   9   8   9   9  10  12 108
27890   9   7   6   5   6   8   8   7   8   8   8  10  90
27891   8   7   6   6   6   8   8   8   8   8   8   8  89
27894   9   7   6   6   7   8   8   7   8   8   9   9  92
27901  10   8   8   8   8  11  10   8   9   9   9  10 108
27906  10   9   8   8   8  11  10   8   9   9   9  10 109
27915  10   9   7   7   8  10  10   8   8  10  10  11 108
27921  10   8   7   7   7  10   9   8   8   9   9  10 102
27923  11   9   8   7   7   9   8   7   8   9  10  11 104
27928   9   8   7   7   6  10   9   6   9   8   8  10  97
27930   9   7   6   7   6   9   8   6   8   8   9   9  92
27935  11   8   7   6   7  10   8   7   8   9  10  10 101
27947  10   8   7   6   6   9   8   7   8   8   9   9  95
27955  11   8   8   6   7   9   8   7   8   8  10  11 101
27957  11   9   7   6   7   9   8   7   8   8  10  11 101
27961  10   7   7   6   7   9   8   8   8   8   9  10  97
27962  10   8   7   6   7   9   8   8   8   8   9  10  98
27966  10   8   7   5   7   9   8   7   8   8   9  10  96
27972  10   8   7   6   7   9   8   8   8   8   9  11  99
27981   8   6   6   5   6   9   7   7   7   7   7   8  83
27983   8   7   6   6   6   8   8   6   7   8   8   9  87
27995   9   7   6   5   6   8   6   6   7   8   8   9  85
28007  15  10  10   8   9  11   9  11  11  13  14  14 135
28009  13   9   8   8   9  11  10  11  12  13  13  13 130
28013  14   9   9   8  10  11   9  11  12  13  13  14 133
28016  13   9   9   8  10  10  11  11  12  12  13  14 132
28028  14  10   9   9  10  11  11  12  13  14  14  14 141
28033   8   6   6   7   8  10  10  11  10   8   8   7  99
28036  11   7   8   8   9  11  11  12  12  12  11   9 121
28041   9   6   6   6   8   9   9  10   9   8   9   8  97
28044   7   5   5   6   8   9   9   9   9   8   8   7  90
28049   9   5   5   6   8   8   9  10  10   8   7   7  92
28064   8   6   6   6   8   9   9  10   9   8   9   9  97
28066   6   4   5   6   8   8   8   9   8   8   8   8  86
28076  10   7   7   8   9  10  10  12  11  11  10  11 116
28097  10   7   7   7   9   9   8  11  11  11  11  12 113
28105  12   8   9   7   9  11   9  11  11  12  12  13 124
28116  12   7   7   7   9  10  10  11  11  11  11  11 117
28128  12   8   7   7   9  10   9  11  11  11  12  11 118
28138  16  11  11  10  11  12  11  13  13  15  15  15 153
28144   9   6   6   7   9   9  11  12  10   9   8   8 104
28158   8   6   5   5   8   8   9  11  10   8   9   8  95
28165   9   7   6   6   9   9  10  11  10   9  10   9 105
28172  10   6   6   6   9   9   9  11  10  10  10  10 106
28202  14   9  10   7   8  10   9  10  11  12  12  13 125
28214  11   8   8   7   8  11   9  10  11  12  12  12 119
28216  12   8   7   7   8   9   9   9  10  11  12  12 114
28222  13   9   8   7   9  10  10  11  12  12  12  13 126
28224  13   9   8   8  10  10   9  11  12  12  13  13 128
28233   9   6   6   6   8  10  10  11  11   9   8   8 102
28234  14   9   9   8  10  11  10  12  11  13  13  14 134
28238  11   7   7   8   9  10  10  11  11  12  11  11 118
28240   8   5   5   6   9   9  10  11  11   8   8   8  98
28248   8   5   5   6   8   8  10  10  10   8   8   8  94
28255   9   6   5   6   8   9  10  11  11   9   9   9 102
28264   8   6   5   6   8   8  10  10   9   8   9   8  95
28275   8   6   5   6   8   8   9  11  11   9   9   9  99
28278   9   5   5   5   8   8   9  11  11   9   9   9  98
28302  14   9  10   7   8  10   9  10  11  12  13  13 126
28307  10   8   7   6   8  10   9   9   9  11  11  10 108
28309  11   8   7   7   9  11   9  10  10  12  12  10 116
28312  11   8   6   7   9  10  10  10  10  12  11  10 114
28313  15  10   8   8   9  10   9  11  10  12  13  14 129
28315  13   9   8   7   9  10   9  10  11  12  13  12 123
28318  13   9   8   6   8   9   9   9  10  11  12  12 116
28319  12   9   6   6   9  10   8  10  10  11  11  11 113
28321  13   9   7   7   8   9   9  10  10  11  11  12 116
28324  14  10   7   6   8  10   8   9   9  11  13  13 118
28326  10   7   6   7   9  10   9  11  11  11  11  10 112
28333  11   8   8   8  10  11  11  12  12  12  11  11 125
28334  16  11   9   8  10  11  10  12  12  14  14  14 141
28344   6   5   5   5   8   9  10  11   9   7   7   7  89
28345   8   6   5   6   9  10  10  11  10   9   9   9 102
28346   7   5   5   6   8   9   9  11  10   8   8   7  93
28351   8   5   5   6   7   9   9  10  10   8   8   8  93
28353   8   4   4   5   8   8   9  10   9   7   8   7  87
28359   8   5   5   5   8   9   8  10  10   8   8   8  92
28366   9   6   5   6   7   9   9  10  10   8   9   9  97
28367   8   5   5   6   8   8   9  10  10   7   8   8  92
28382   9   6   5   6   8   9   9  10  10  10   9  10 101
28383   9   6   5   6   8   9   9  11  10   9   9  10 101
28402   9   7   7   7   8  10   9  10  10  11  11  10 109
28409  13   9   8   7   9  11  10  10  10  11  12  12 122
28411  10   7   6   6   8   9   9  10   9  10  10   9 103
28413  13  10   8   6   9  10   9   9   9  11  12  12 118
28418  13   9   8   7   8   9   8   9   9  10  11  12 113
28419  10   7   6   6   8   9   8   9   9  10  10  10 102
28428  13   8   7   6   9  10   9  10  10  11  12  12 117
28430   9   7   6   6  10  10  11  12  10  10  10   9 110
28432  12   8   7   7  10  10  11  12  11  12  12  12 124
28434  11   8   7   7   9  11  10  11  11  12  11  11 119
28438  11   8   6   7   9  10  10  11  10  11  11  11 115
28440   7   5   5   6   8  10  10  11   9   9   8   7  95
28445   8   6   5   6   9  10  10  11  10   9   9   8 101
28448   7   5   5   6   8  10  11  11   8   9   8   6  94
28449   8   5   4   4   8   9  10  10   9   8   7   7  89
28451   8   5   5   5   7   9   9  10  10   8   8   8  92
28455   7   4   4   5   7   9   9  10  10   8   7   7  87
28457   8   5   5   5   8   9  10   9   9   8   8   8  92
28465   7   4   5   5   7   8   8  10   9   7   8   8  86
28478   7   5   5   5   7   8   9  10  10   7   8   8  89
28481   7   5   4   5   7   8   9  10  10   7   8   8  88
28491   8   6   5   5   8   9   9  11  10   9   8  10  98
28493   8   5   5   6   8   9   9  10   9   9   9   9  96
28502   9   7   6   6   7  10   8   8  10   9  10   9  99
28506  10   7   7   6   8   9   7   9   8  10  10  11 102
28517   9   7   5   6   8   8   8   9   9   9   9   9  96
28522  13   9   8   7   9  10   9  11  10  13  13  14 126
28526  11   8   7   7   9  10  10  11  10  12  11  12 118
28533  11   8   7   7   9  10  11  12  11  12  11  12 121
28535   7   5   5   6   9  10  10  11  10   9   9   8  99
28537   9   7   6   7   8  10  10  11  10  11  10  10 109
28541   9   7   6   7   9  11  11  11  10  11  10   9 111
28548   5   4   3   5   8   9  10  10   7   7   6   5  79
28549   7   5   4   4   8   8   9   9   9   8   8   7  86
28552   7   5   4   4   7   9   9   9   9   7   7   7  84
28561   6   4   4   4   7   8   8   8   8   7   6   7  77
28573   6   5   4   4   7   8   8  10   9   6   7   8  82
28586   6   4   4   6   8   8   9   9   8   8   8   7  85
28587   6   5   3   5   7   8   8   9   8   7   7   7  80
28588   6   4   4   5   7   8   9   9   8   7   8   7  82
28593   6   4   4   5   7   8   8   9   8   7   7   7  80
28601   9   7   6   6   7  10   8   9   9  10  10   9 100
28606  10   8   7   6   7   9   8   9   9  10  10  10 103
28611   8   7   5   6   8   9   8   9   9   9   8   8  94
28613   9   7   5   5   7   8   8   8   9   9   9   9  93
28615   9   6   5   6   7   9   8   9   9  10   8   9  95
28617  10   7   6   6   8  10   8   9   9  10   9  10 102
28621  12   9   7   7   8   9   8   9  10  11  11  12 113
28622  17  11  10   8   9  10  10  11  10  14  14  16 140
28624  11   8   6   6   8   9   8   8   8  10  10  11 103
28629  15  10   9   7   9  10  10  10  11  12  13  15 131
28630  11   8   8   8  11  12  13  12  11  12  11  12 129
28639  10   8   7   8  10  11  12  12  12  12  11  10 123
28645   7   5   4   5   7   9  10   9   7   7   6   7  83
28647   6   4   4   5   8  10  11  10   7   7   5   5  82
28655   6   4   4   5   8   7   8   9   7   7   7   7  79
28661   7   4   4   4   7   7   8   8   8   7   7   7  78
28666   6   4   4   4   6   7   8   8   8   7   7   7  76
28688   6   4   4   5   6   7   9   8   7   6   7   6  75
28696   6   4   4   5   6   7   8   8   7   7   7   6  75
28698   8   6   5   5   7   7   9   8   7   7   8   8  85
28704   9   7   6   6   7  10   8   8   9   9   9   8  96
28705  10   8   7   6   7   9   8   8   8  10  10  10 101
28709  13   9   8   7   7   9   7   9   9  11  11  12 112
28710   8   6   5   5   6   8   7   7   7   8   7   8  82
28711  10   7   6   6   8  10   8  10  10  11   9   9 104
28712   8   7   5   5   7  10   8   8   9   8   8   8  91
28713   8   7   5   5   7  10   7   7   8   8   8   8  88
28719  13   8   8   6   8   9   8   8   9  11  11  12 111
28721   9   7   6   6   7   9   7   8   8  10   9   9  95
28722  12   9   7   6   8  10   8   9   9  11  11  11 111
28726  11   8   7   7   8  10  10  10  10  11  11  12 115
28736   6   4   5   4   7   9   9   9   6   6   5   5  75
28741   6   4   4   4   7   8   9   9   6   6   5   5  73
28748   6   5   4   5   7   7   8   7   6   6   6   7  74
28754   6   4   4   5   6   7   8   7   6   6   6   6  71
28756   6   4   4   4   6   6   7   7   7   6   7   7  71
28786   6   4   4   5   6   7   8   8   6   7   8   6  75
28797   6   5   4   5   6   7   8   8   6   6   6   7  74
28798   5   5   4   5   6   6   8   8   5   6   6   6  70
28799   7   5   4   5   5   6   8   8   6   6   7   7  74
28802  10   8   6   5   7   9   7   7   8   8   9   9  93
28806  10   8   6   5   7   8   7   7   8   8   8   9  91
28817   8   6   5   5   6   8   7   8   7   8   8   8  84
28823  12   9   9   8  10  12  11  11  11  12  12  13 130
28825  12   9   7   6   8   9   8   8   8   9   9  12 105
28826  12   9   8   6   7   8   7   8   8  10  10  12 105
28831   8   6   5   6   8  10  10  10   9   9   8   8  97
28837  11   8   7   7   8  10  10  10   9  10  10  11 111
28838   6   4   5   5   6   7   9   7   5   6   6   6  72
28847   5   5   4   5   6   7   8   7   5   5   6   6  69
28895   7   5   5   5   6   6   7   7   6   6   7   7  74
28900  11   8   7   7   6   8   8   7   8   8   9  10  97
28901  10   7   6   6   6   8   7   6   7   7   8   9  87
28903  12   9   7   6   7   8   7   7   8   9  10  11 101
28908   8   7   6   5   6   8   6   6   6   7   7   8  80
28916  10   7   6   5   6   8   7   7   7   8   8  10  89
28925  11   8   6   6   7   8   7   7   7   8   8  10  93
28926  10   7   7   8   8   9  10   8   8   9  10  11 105
28927  14   9   8   6   7   8   7   7   7   9  11  12 105
28928  13   9   7   7   7   8   7   7   7   8  10  12 102
28938   6   5   5   5   6   7   7   6   5   6   6   6  70
28939   5   4   5   5   6   6   7   6   5   5   5   6  65
28941   7   5   5   6   7   8   9   7   5   6   7   6  78
29016  11   8   7   8  10  10   9  10  12  13  12  13 123
29023  10   8   7   8  10  10   9  10  11  14  13  12 122
29037  10   7   7   7  10  10  10  10  11  12  11  12 117
29059  11   9   8   8  10  10   9  10  12  14  14  13 128
29068  13  10   9   8  10  10   8  11  13  14  14  14 134
29111   9   6   7   7   9   9  10  11  11  11  11  12 113
29128   8   6   6   7   9   9   8  10  10  11  10  11 105
29149  10   8   7   7   9  10   9  10  11  13  12  12 118
29154  11   9   8   7   9   9   9  10  11  13  13  13 122
29203  10   7   6   6   9  10   9  10  10  10  11  12 110
29209   9   6   6   6   9   9  10  11  11  10  10  11 108
29224   9   6   6   7   9  10  10  10  10  10  10  11 108
29231   8   6   6   7   9  11   9  10  10  12  11  12 111
29237   6   5   5   7   8  10  10  10  10  11   9   9 100
29247  10   7   6   8   9  10  10  11  10  12  12  13 118
29253  11   8   7   7   8   9   8   9  10  13  13  13 116
29263  10   7   6   7   9  10   8   9  10  12  13  12 113
29274  10   8   7   8   9   9   8   9  11  11  13  12 115
29276  10   8   8   7   8   9   8   9  11  13  14  13 118
29282   6   5   4   5   7   8   7   9   9   9   9   8  86
29313   9   7   5   6   8  10  10  11  11   9  10  11 107
29328   7   5   6   6   8   9   9  10  10  10  10  10 100
29332   9   6   6   8   9   9   9   9  10  11  11  11 108
29348   8   5   5   7   8  10   9  10  10  11  10  10 103
29355  11   7   7   8   8  11   8  11  10  13  13  13 120
29363  10   6   7   8   9  10   7   9  11  12  13  12 114
29367  10   6   7   8   9  11   8  10  11  12  13  12 117
29374   8   6   5   7   8   8   8   9  10  11  12  11 103
29379   6   5   5   6   7   7   7   8   9   9  10   8  87
29393   5   4   3   5   7   8   8   9   8   8   7   7  79
29401   8   6   4   5   8   9  10  10   9   9   9  10  97
29405   8   6   4   5   8   8   9  10   8   9   8  10  93
29418   9   7   5   6   8   9   9  10   9   9   9  10 100
29430  11   8   7   8   8   9  10  10  10  11  12  13 117
29456   9   6   7   8   9  10   9  11  11  12  12  12 116
29464   8   5   6   8   8  10   8  10  10  12  12  11 108
29467   7   4   5   7   8  10   9  10  10  10  10   9  99
29471   7   5   5   8   8   9   9  10  10  10  11  10 102
29477   5   3   3   6   7   8   8   9   9   8   7   7  80
29481   5   3   4   5   7   9   8   8   9   8   7   6  79
29485   6   5   4   6   8   9   8   9   9   9   9   8  90
29492   7   5   4   5   6   8   7   8   8  10  10   9  87
29498   7   6   5   7   8   9   8   9   9  10  11  10  99
29500   5   4   3   5   6   8   8   8   7   7   7   6  74
29508   5   5   4   5   6   7   8   9   7   7   7   8  78
29524   8   6   6   6   7   9   9   9   8   9   9  10  96
29536   8   6   5   7   8  10   9   9   8  10  10  11 101
29539   9   7   7   8   8  10  10  10  10  11  12  12 114
29540   5   4   4   6   8  10   9  11   9  10   8   8  92
29541   9   8   7   9   9  11  10  10  11  13  13  13 123
29548  10   7   7   9   9  11  10  10  10  12  12  13 120
29551   7   5   6   7   8  10   9  10  10  11  10  10 103
29552   8   6   6   8   9  11  10  11  11  11  11  11 113
29553   8   6   7   8   9  11   9  10  11  13  12  12 116
29557   4   3   4   7   9  11  10  11  10   9   8   6  92
29558   4   3   4   7   9  10  11  11  10   8   7   5  89
29561   7   4   5   8   9  10   9  10  10  11  10  10 103
29563  11   9  10  12  11  12  11  11  13  15  16  14 145
29566   8   6   8  10  10  12  10  12  11  12  12  10 121
29570   3   3   3   6   8   9   9   9   9   8   6   6  79
29571   4   2   3   6   7   9   9   9   9   7   6   6  77
29574   6   4   5   8   8  11  10  10  10  10   9   8  99
29576   6   5   6   9   9  11  10  11  10  10  10   9 106
29578   4   3   4   8   8  10  10  11  10   9   7   6  90
29580   6   4   5   8   9  10   9  10  10  10  10   9 100
29581   4   3   3   4   7   8   9   8   8   7   6   6  73
29587   6   4   4   7   8  11  10  11  11   9   8   8  97
29590   5   4   4   5   7   8   8   9   8   9   9   8  84
29594   7   5   6   7   8   9   9  10  10  10   9   9  99
29602   6   5   4   5   6   8   8   8   7   7   8   8  80
29605   6   5   4   5   7   8   8   8   7   7   8   8  81
29612   8   5   5   5   6   6   8   8   8   8   8   9  84
29613   6   4   4   4   6   8   9   8   8   8   9   8  82
29614   6   5   4   5   6   7   8   8   7   8   8   8  80
29624   8   6   5   5   7   8   9   8   8   9   9   9  91
29625   6   4   4   5   6   8   8   8   8   9   8   7  81
29626   7   5   5   5   6   9   8   8   8   8   8   9  86
29631   8   6   5   6   7  10   9   8   8   9   9  10  95
29632   9   6   7   8   7  10  10   9  10  11  11  11 109
29635   8   6   5   7   7   9   8   8   8   9   9  10  94
29636   8   5   6   7   8  10  10  10   9  10  10  10 103
29638   9   6   5   7   7   9   9   8   9   9  10  10  98
29641  10   8   6   8   8  12  10  10   9  11  12  13 117
29645   9   6   6   7   8  11   9  10   9  10  10  12 107
29649  11   8   7   8   9  11  10  10  10  12  13  14 123
29653   3   2   3   6   8  10  10  11   8   7   6   4  78
29654  16  12  12  12  11  13  12  12  13  16  17  17 163
29662   6   4   4   7   9  11   9  11  10   9   8   8  96
29664   3   2   2   5   7   9   9  10   8   6   4   4  69
29675   5   4   7  10  11  12  12  13  12  12  10   8 116
29676   4   3   4   7   8  11  10  12  10   8   6   5  88
29698   3   3   2   5   7  10  10  12   9   6   4   4  75
29701   6   5   4   5   5   7   9   8   6   7   7   7  76
29702   6   5   5   5   6   7   8   8   7   6   7   8  78
29706   4   4   3   4   5   7   7   8   6   6   7   6  67
29708   4   3   3   4   5   7   8   7   6   6   5   6  64
29712   6   4   4   4   5   8   8   8   7   7   7   8  76
29716   5   4   3   5   5   7   8   8   7   7   8   7  74
29723   4   4   3   5   6   9   8   8   7   7   7   7  75
29724   6   4   4   6   6   8   8   8   7   8   8   8  81
29726   7   6   5   6   6   8   9   8   8   8   9   9  89
29735   9   6   6   7   8  10   9   9   9  10  11  10 104
29736   8   6   6   7   8  10   9   9   9   9  10  10 101
29741   5   3   3   6   8  10   8   8   7   8   8   6  80
29745   6   5   4   8   9  10   9   9   8   8  10   9  95
29752  17  14  15  16  14  15  15  15  15  19  19  19 193
29756   2   1   2   4   6   9  10   9   6   4   3   2  58
29759  11   8   9  13  11  12  12  13  12  14  14  13 142
29761   3   2   2   4   6   9  10  10   7   5   4   3  65
29766   5   3   3   6   8   9   9  10   9   7   6   6  81
29768   3   2   2   5   7   9   8   9   8   5   4   4  66
29771  14  11  11  13  12  14  14  14  13  16  17  17 166
29772  11   8   7  10  11  12  12  13  12  13  14  14 137
29789   2   1   3   8  10  13  17  15  11   6   4   2  92
29814   5   4   4   4   5   6   7   7   6   6   6   6  66
29816   6   4   4   5   6   7   7   7   7   7   7   7  74
29822   6   5   4   5   6   7   8   7   7   7   7   7  76
29823   8   7   5   6   7   9   9   8   7   8   8  11  93
29827   6   5   4   5   6   8   8   6   6   7   7   7  75
29832  10   7   6   6   9   9   9   8   8   9  11  12 104
29836   9   7   5   6   8   9   8   7   8   9  11  11  98
29838   7   6   5   6   8  11   9   8   7   8   9   9  93
29846   8   5   4   6   8  10   8   9   8   9  10   9  94
29848   9   7   6   8   9  10  10   9   9   9  11  12 109
29849  10   8   7   9  11  11  10  11  10  11  12  14 124
29854  12   9   9  11  12  13  11  11  12  13  14  15 142
29858  11   8   8  12  13  12  13  12  13  13  14  14 143
29862   3   2   1   4   6   9   9   9   7   4   3   2  59
29864   1   1   1   3   5   8  10   9   5   2   2   1  48
29866   3   2   2   5   7   9   9   9   8   6   5   4  69
29869   7   5   4   7  10  11  11  11  11   9   8   8 102
29870   6   4   4   7   8  10   9  10   9   8   7   8  90
29874   7   4   4   8   9  11  10  11  10   8   8   8  98
29876   8   6   7  10  11  13  12  13  13  12  11  11 127
29892   2   1   2   6   8  14  15  15  10   6   4   3  86
29894   2   1   2   6   8  13  16  15   9   5   3   1  81
29915   6   5   4   5   5   8   7   6   5   7   7   7  72
29916   5   4   3   4   5   6   7   6   5   6   5   5  61
29923   6   5   5   6   7   8   8   8   7   8   8   8  84
29928   7   6   6   6   7   8   8   7   7   8   9   9  88
29936  10   8   7   8   9  10   9   8   9  10  11  13 112
29937   8   6   6   6   7   8   8   7   7   8   9   9  89
29941   6   5   4   7   8   9   9   9   8   8   9   8  90
29946  11   9   8  11  12  12  11  11  11  13  13  14 136
29954  11   9   9  11  11  12  11  11  11  12  14  15 137
29955   9   7   6  10  12  12  12  13  11  11  12  13 128
29956   4   3   2   7   9  11  11  11  10   7   5   5  85
29961   2   1   1   3   6  10  10   9   6   3   3   2  56
29962   3   3   3   5   8  10  10  10   9   6   5   4  76
29963   4   3   3   7  10  13  13  12  10   8   6   5  94
29974  12  10  14  15  15  15  17  18  15  16  16  15 178
29999   1   1   1   3   5  10  13  11   5   3   1   1  55
30014   8   6   5   7   7   9   8   9   8  11  10   9  97
30028   2   1   2   5   7   8   9   8   6   6   5   3  62
30037   7   5   4   6   8   9   8   9   9  10   9   8  92
30054  12   8   6   6   8   9   8   9  10  12  14  13 115
30069   2   1   1   3   6   9  10   9   8   5   4   3  61
30074   5   3   3   4   6   8   9   9   9   7   7   6  76
30089   7   4   3   3   7   8   8   9   9   7   9   7  81
30127   5   4   4   6   7   8   9   8   7   9   7   6  80
30138  10   6   5   6   9   9   9   9  10  12  12  11 108
30142  10   8   6   6   9  10   9   9  10  13  14  12 116
30157  10   8   6   7   9  10  10  11  12  13  14  12 122
30165   3   2   1   4   7   9  10  10   9   6   5   4  70
30173   7   5   4   4   8   9   9   9   9   8   9   8  89
30198   5   3   3   4   8  10  10  11  10   8   7   5  84
30209   7   5   5   7   9   9   8   9   9  11  10   8  97
30218   8   5   4   6   7   8   8  10   9  11  11   8  95
30229   7   4   4   5   8   9  10  10   9   9   9   9  93
30230   8   5   4   5   8   9  10   9   9  10  10  10  97
30252   6   4   3   5   8  10  11  11  10   7   8   7  90
30253   9   6   4   4   7   9  10  10  10   8  10   9  96
30305   6   4   4   4   7   8   8  10   7   8   7   7  80
30308   5   3   4   5   7   8   8   9   8   7   8   7  79
30309   5   4   4   5   8   8   8   9   8   8   8   7  82
30316  10   8   7   7   8   9   9  10  10  12  12  11 113
30317   7   5   4   5   6   7   7   9   9   9  11   9  88
30337   7   5   3   4   8   9  10  10   9   8   9   9  91
30348   2   2   2   4   6   8   9  10   8   5   5   4  65
30356   1   1   1   3   7  10  11  11   7   4   3   3  62
30372   1   1   1   3   7   9  10  10   6   3   2   1  54
30374   1   1   2   5   8  10  12  11   8   5   3   1  67
30379   2   1   2   4   7  12  13  12   9   4   2   2  70
30385   2   2   2   4   7  11  11  11   9   4   4   3  70
30393   5   4   4   6   9  12  12  12  10   9   8   5  96
30405   5   4   3   4   6   9   9   9   8   6   7   7  77
30406   4   3   3   4   6   9   9   9   8   7   7   6  75
30433   5   5   4   4   6   8   9   9   8   6   4   4  72
30437   6   4   3   4   8  10  11  10   9   7   8   7  87
30439   5   3   2   4   7   7   8   9   9   5   7   8  74
30455   1   1   1   3   5   9  11  10   6   3   2   1  53
30456   1   1   1   4   5  10  12  11   6   4   2   1  58
30457   1   1   1   3   5   9  11  12   6   3   2   1  55
30461   1   1   1   3   5   9  11  11   6   3   2   1  54
30469   2   1   1   4   6  10  11  10   7   4   3   3  62
30471   1   1   1   4   6   9  12  11   7   4   2   1  59
30484   3   2   3   5   7  11  12  11   9   8   4   3  78
30493   3   2   3   5   8  12  13  12  10   7   4   2  81
30497   2   2   2   5   7  11  11  10   9   6   4   2  71
30499   3   2   3   5   8  12  12  11  10   6   5   3  80
30504   4   3   3   5   7  10   9  10   9   7   6   5  78
30507   5   3   3   6   8  11  11  12  10   7   7   5  88
30514   3   2   1   3   5   7   8   8   7   4   4   4  56
30519   3   2   2   3   6   9  10  10   8   5   5   5  68
30521   5   2   2   3   6   8   9   9   8   5   6   6  69
30526   5   3   3   3   7   9  10  10   8   5   7   7  77
30536   4   2   3   4   6   7   8   9   8   8  11  11  81
30537   1   1   1   2   4   6   8   8   5   2   3   3  44
30547   1   1   1   2   3   5   7   7   4   3   3   3  40
30552   2   2   2   4   7  11  13  11   8   4   3   2  69
30554   1   1   1   3   5   9  12  11   6   3   2   1  55
30555   1   1   1   4   6  10  12  12   7   3   2   1  60
30565   2   1   1   4   7  10  12  11   8   4   3   2  65
30567   1   1   2   5   6  10  11  11   7   3   3   2  62
30576   3   2   2   5   7  12  13  12   8   5   4   3  76
30585   3   2   3   5   7  11  11  11   9   6   4   3  75
30603   5   4   3   5   6   9   9  10   8   6   7   6  78
30605   6   5   6   8   9  12  13  14  10   8   8   7 106
30606   4   3   3   5   6   9   9   9   9   5   6   5  73
30611   4   3   2   4   5   8   8   8   7   5   5   4  63
30612   3   2   2   4   6   8   9   8   7   5   4   4  62
30615   4   3   3   4   6   7   9   8   8   6   6   5  69
30616   4   3   3   4   6   8   9   9   8   6   6   5  71
30617   4   2   3   4   6   8   9   9   9   5   6   5  70
30618   3   2   3   3   6   8   9   8   7   5   6   5  65
30622   2   2   2   2   5   8  10   9   7   3   4   3  57
30627   2   2   2   3   5   8  10  10   7   4   3   3  59
30629   1   1   1   1   3   6   7   7   5   2   1   1  36
30632   1   1   1   2   3   5   7   7   5   2   5   7  46
30635   4   2   2   3   5   6   8   8   7   6  10  11  72
30636   5   2   2   2   4   5   8   8   7   6   9  11  69
30637   1   0   1   1   3   6   7   7   5   2   2   4  39
30643   1   0   1   3   4   9  11  11   6   2   1   1  50
30650   1   1   1   3   5   8  11  11   7   2   2   2  54
30651   1   1   1   3   5   9  11  10   6   3   2   1  53
30655   1   1   2   4   6  10  11  11   7   3   3   2  61
30664   2   1   1   4   6  10  11  11   8   3   2   2  61
30667   1   1   1   3   5   8  10  10   6   2   2   2  51
30669   1   1   1   4   5   9  12  11   7   3   2   2  58
30673   2   1   2   4   6  11  12  11   7   4   3   2  65
30675   2   1   2   4   6  11  12  11   7   4   3   2  65
30676   2   1   1   4   5  10  11  10   7   4   3   2  60
30679   1   1   1   3   5   9  11  10   7   4   3   2  57
30682   2   2   2   4   6  11  12  11   8   3   3   2  66
30683   2   1   2   4   6  10  11  11   7   4   4   2  64
30686   2   1   2   4   6  10  11  10   7   4   4   2  63
30692   2   1   2   4   6  11  12  10   7   4   4   2  65
30695   3   1   2   4   6  10  11  10   7   4   4   2  64
30703   6   4   5   7   8  11  12  12   9   7   8   7  96
30710   5   3   4   4   7   9  11   9   8   5   6   5  76
30712   4   2   3   4   6   9  10   9   8   5   5   5  70
30713   2   1   2   2   5   8  10   9   6   3   3   2  53
30715   5   3   4   5   7   9  10  10   9   6   7   6  81
30716   3   2   3   3   6   9  10   9   8   4   5   4  66
30718   5   3   4   5   7   9  10  10   8   5   6   6  78
30721   1   1   1   3   5   7   8   8   5   2   2   2  45
30726   2   1   2   3   5   6   8   8   6   3   3   3  50
30727   1   1   1   2   5   8   9   8   6   2   1   1  45
30729   3   1   2   4   6   7   9   9   7   4   5   4  61
30731   3   2   2   4   5   6   8   8   7   5   9  11  70
30733   1   1   1   3   4   6   8   9   6   3   4   3  49
30738   0   0   1   1   3   6   8   8   5   1   1   1  35
30739   1   1   0   2   3   7  10   8   5   2   1   1  41
30741   5   3   3   5   6   8  11  11   8   8   9   8  85
30745   1   1   1   3   4   7   9  10   6   2   2   1  47
30755   1   1   1   2   4   8  11  10   6   2   2   2  50
30757   1   1   1   3   4   7   9  10   6   2   2   2  48
30758   1   1   1   2   4   8  10  11   6   2   2   2  50
30764   1   1   1   3   5   9  12  11   6   2   2   2  55
30765   1   1   1   3   4   8  10  10   6   2   2   2  50
30766   1   1   1   3   5   8  10  10   6   3   2   2  52
30768   1   1   1   3   5   7  10  10   6   3   2   3  52
30772   2   1   2   4   6  10  11  11   8   4   3   3  65
30777   1   1   1   3   5   9  11  10   7   3   3   2  56
30778   1   1   2   4   5  10  13  12   8   3   3   2  64
30802   1   0   1   2   4   9  14  11   5   3   1   1  52
30806   2   2   2   4   6  10  12  11   7   4   3   3  66
30811   1   1   1   3   6  10  12  11   7   3   2   1  58
30812   2   2   3   5   7  10  13  11   8   4   2   2  69
30814   4   3   3   5   7  10  11  10   8   5   5   5  76
30815   9   7  11  13  12  15  17  16  12  11  11  10 144
30818   8   5   5   7   9  12  13  12  11   8   9   9 108
30822   7   3   4   5   7   9  11  10   8   5   7   8  84
30823   1   1   1   2   4   7   8   8   5   2   3   3  45
30824   9   4   5   7   8  10  12  12  10   8  10  11 106
30825   1   1   1   2   3   6   9   8   5   2   3   3  44
30826   2   1   1   2   4   7   8   8   5   2   2   2  44
30829   1   0   0   1   3   7   8   8   4   1   1   1  35
30833   1   1   1   3   4   7   9   9   5   2   2   1  45
30837   2   1   1   3   5   8  10  10   6   3   3   2  54
30838   1   1   2   3   5   8  11  10   6   3   3   2  55
30843   1   1   1   3   5   8  10  11   7   3   2   2  54
30844   1   1   2   3   5   8  11  11   7   3   3   3  58
30846   1   1   1   2   4   8  11  10   6   2   2   1  49
30853   1   1   1   2   4   8  10   9   6   2   2   2  48
30858   1   1   2   3   5   9  11  11   7   2   2   2  56
30859   1   1   1   2   4   8  11   9   6   2   2   2  49
30862   1   1   1   3   4   8  10   9   6   2   2   2  49
30866   1   1   2   3   5   8  11  10   6   3   3   3  56
30874   1   1   2   3   5   9  12  10   7   3   3   2  58
30875   1   1   2   3   5  10  11  11   7   3   3   2  59
30879   1   1   2   4   5   9  12  10   8   3   3   2  60
30911   1   1   1   3   5  11  14  12   6   3   2   1  60
30915   1   1   1   3   5  11  14  12   7   3   2   1  61
30924   1   1   1   2   4   8  11   9   6   2   2   1  48
30925   1   1   1   3   5   8  10   9   6   3   2   1  50
30929   2   1   1   2   5   8  10  11   6   3   2   2  53
30934   1   1   1   3   5   8   9  10   6   3   2   2  51
30935   2   1   1   2   5   9  11  11   7   2   2   2  55
30938   1   1   1   3   5  10  13  12   7   3   2   2  60
30941   5   4   8   8   8  11  15  14  10   8  10   7 108
30944   2   1   2   4   5   9  12  12   7   3   3   3  63
30948   1   1   1   2   4   9  13  11   6   2   1   1  52
30949   1   1   1   2   4   8  12  10   6   2   1   1  49
30952   1   1   1   2   4   8  11   9   6   2   1   1  47
30954   1   1   1   2   4   7  11  10   6   2   1   1  47
30957   1   1   1   2   4   8  12  10   6   2   1   1  49
30961   1   1   2   3   4   7  10   9   5   3   2   2  49
30964   1   1   1   3   4   7  10   9   5   2   2   2  47
30965   1   1   1   3   4   7  11   9   5   2   2   2  48
30967   1   1   1   2   4   6   9   8   5   2   2   2  43
30968   1   1   1   3   3   7  10   8   5   2   2   1  44
30971   1   1   2   3   5   9  11  10   6   3   3   2  56
30972   1   1   2   3   4   9  11   9   5   2   3   2  52
30975   1   1   1   2   3   7   9   8   5   3   2   2  44
30977   1   1   2   3   3   7   9   8   4   2   2   2  44
30978   1   1   1   2   3   7   9   9   5   2   2   2  44
31004  10   8   9   9  11  11  12  12  13  15  13  11 134
31005   6   5   4   5   9   9  10  10  10   9   9   7  93
31011   4   2   2   3   7   9   8   8   7   7   6   5  68
31016   6   4   4   4   8  10  11   9   9   9   9   7  90
31026   5   3   4   3   8   8   9   9   9   8   8   6  80
31041   5   3   3   3   6   8   8   7   8   7   8   6  72
31054   4   3   2   3   6   6   7   7   8   7   6   5  64
31062   3   2   2   4   6   8   9   8   8   6   5   3  64
31067   3   2   2   3   5   6   8   7   6   6   4   3  55
31083   4   2   3   5   5   6   8   8   8   8   7   3  67
31087   2   2   4   5   7   8   9   9   9   7   4   3  69
31088   3   2   4   5   6   7   8   9   9   7   6   3  69
31092   5   4   5   6   6   6   8   9   9  10   9   5  82
31096   5   4   5   6   5   5   7   8   8  10  11   6  80
31102   3   3   4   7  10  13  14  13  12  11   7   4 101
31123   3   2   2   3   7  10  10  10  10   6   5   3  71
31137   4   2   3   5   8   9  11  11   9   9   5   4  80
31152   5   3   2   4   7   7   9   8   8   7   6   4  70
31158   6   4   3   4   7   7   9  10   9  10   7   6  82
31168   4   3   4   7   8   8  10  10   8   7   6   3  78
31174   5   3   3   6   7   6   7   8   7   8   8   6  74
31235   2   1   2   5   8   8   9  10   8   6   3   2  64
31253   2   2   3   5   8  10  11  10   9   6   5   3  74
31257   2   2   3   5   7   9  11   9   8   5   5   2  68
31263   2   1   2   6   7  10  11  10   9   7   5   3  73
31285   4   2   4   6   9   9  10  12  10   8   5   4  83
31286   4   3   4   8  10   9  12  11   9   8   5   4  87
31295   2   1   2   4   7  10  11   9   8   4   5   2  65
31299   2   2   2   4   7   9  11  10   8   4   4   2  65
31301   2   1   2   4   7   9  11   9   8   5   4   2  64
31318   2   2   2   5   7   9  10  10   9   6   5   3  70
31329   3   2   4   6  10  12  12  13  12  10   8   4  96
31348   4   3   4   6   9   9  10  11   9   7   5   4  81
31362   6   5   6   6   8   5   7   8   9  12  10   8  90
31366   6   4   5   6   7   6   7   9   9  12   8   7  86
31369   7   5   6   6   8   6   7  10  11  11   9   8  94
31371   2   1   2   4   7  10  10  10   8   4   4   3  65
31373   2   1   3   5   8   9  11  11   9   6   4   3  72
31388   2   1   3   5   8  10  10  11   9   6   4   3  72
31392   2   2   3   6  10  11  12  13  11   8   6   4  88
31397   3   2   3   5   9  10  11  11  10   7   6   4  81
31416   3   2   3   5   8   8   8   9   8   7   5   4  70
31418   4   3   4   7   9  10  10  12   9   7   5   4  84
31423   6   4   5   7   8   7   8  11   9   9   7   6  87
31436   5   4   6   7   9   7   8  11   9   9   7   6  88
31439   6   4   4   5   8   7   7  10   9   8   7   7  82
31441   2   2   3   5   7  10  11  10   8   4   3   3  68
31442   2   1   2   5   7  10  11  10   8   5   4   3  68
31443   2   1   3   5   7  10  10  11   8   5   4   3  69
31445   3   2   3   5   7   9  11  11   8   5   4   3  71
31469   2   2   4   6  11  12  12  13  11   8   6   4  91
31474   3   2   3   7  11  11  13  14  12   9   7   5  97
31478   2   2   4   6  12  12  15  15  12  10   8   4 102
31484   4   3   4   7  11  10  12  12  10   7   4   3  87
31489   5   4   5   6   9   9   9  10   9   7   6   5  84
31502   6   4   5   6   9   7   8  11  10   8   7   6  87
31504   5   4   6   7   9   8   9  12  10   8   6   5  89
31510   2   1   3   5   7  10  11  10   7   4   3   3  66
31511   2   2   2   4   7   9  11  10   8   4   3   3  65
31513   3   2   3   5   7   9  10  11   8   6   4   4  72
31521   2   2   3   5   8  10  11  11   9   6   4   3  74
31524   2   2   3   5   7   9  10  11   8   6   4   3  70
31527   3   2   3   6   8  10  11  11   9   6   4   4  77
31534   3   2   3   6   9  11  12  13  10   6   5   4  84
31538   2   2   4   6   9  11  13  13  10   7   5   4  86
31548   2   2   4   7  10  12  13  14  11   7   5   4  91
31561   4   3   4   6   9   8   8  11   9   6   6   5  79
31562   5   3   5   6  10   8   8  11  11   9   7   6  89
31566   5   4   5   7  10  10  10  13  12   9   8   7 100
31583   3   2   3   5   8  10  11  11   9   5   4   4  75
31586   2   2   2   5   7  10  10  11   7   5   4   4  69
31587   3   2   3   5   7   9  10  10   8   5   4   4  70
31594   3   2   4   6   8  10  11  11   9   6   5   4  79
31624   2   2   4   7  10  12  13  14  10   6   4   3  87
31632   2   2   3   6   9  10  11  13   9   7   5   3  80
31647   3   3   4   7   9   9  10  12   9   6   5   4  81
31655   5   4   5   6   9   8   9  11   9   7   7   5  85
31677   5   5   8  10  12  11  13  15  13  12  10   6 120
31679   4   3   5   7  11  11  12  14  11   9   5   5  97
31683   4   3   5   7   9   8  10  11   9   7   5   4  82
31702   4   3   5   7  10  12  12  13  11   7   6   5  95
31707   2   2   3   4   7   9  10  11   8   5   3   3  67
31710   2   2   4   6   8   8  10  11   8   6   3   3  71
31713   3   2   5   6   9  10  11  12  10   6   4   4  82
31725   3   2   4   6   9   9  10  12   9   5   4   4  77
31733   4   4   4   7   9   9  10  11   9   7   6   5  85
31735   3   3   4   7   9   9  10  11   9   7   5   5  82
31754   6   5   6   8  11  11  12  14  12  10  11   8 114
31766   3   2   4   7  10  10  11  12   9   6   4   4  82
31770   4   4   6   7   9   8   9  10   8   8   5   4  82
31786   4   3   5   7  10  10  12  12  10   9   6   5  93
31788   4   3   5   7   9   9  11  12  10   7   5   5  87
31790   4   3   5   7   9   9  10  12   9   8   6   5  87
31792   5   5   6   8  10   8  11  13  10   8   7   6  97
31801   6   5   6   9  12  11  12  14  12  10  10   8 115
31815   4   3   6   8  10  10  12  12  10   9   6   5  95
31825   3   3   5   7  10  10  10  11   9   6   3   3  80
31829   3   3   6   7  10   9   9  10   8   6   4   3  78
31832   3   3   5   7  10   9  11  12  10   7   5   4  86
31845   6   5   7   8  11  11  13  13  11  10   8   7 110
31848   6   5   7   9  12  11  13  12  11  10   9   8 113
31856   4   2   6   7  10  10  11  11   9   8   6   5  89
31866   3   3   5   7   9   9   9   9   8   6   4   4  76
31869  22  17  11   7   8   8   8   9   9  11  13  19 142
31875   4   3   5   7  10   9  10  10   9   7   5   4  83
31878   4   4   5   7  10  10  10  10   9   7   6   4  86
31884   4   3   6   7  10  10  11  11   9   8   6   4  89
31895   3   3   6   8  12  11  12  11   9   8   7   5  95
31909   3   2   4   6   8   9   9   9   7   5   4   3  69
31915   2   2   3   5   9  10  12  10   6   4   3   2  68
31921   2   2   3   6   9   9  10  10   7   5   3   2  68
31923   3   3   4   6   9   9  10   9   8   6   4   3  74
31935   3   3   5   7  10  10  11  10   8   8   6   4  85
31942   4   3   6   8  10  11  11  10   9   8   7   5  92
31958   2   2   4   6   9   9   9   9   7   5   4   2  68
31959   3   2   4   6   8   9   9   8   7   5   4   3  68
31960   2   2   4   6  10  11  13  10   7   5   4   3  77
31961   2   2   3   6   9   9  10   8   7   6   4   3  69
31969   2   2   3   5   9  11  13  10   6   4   3   2  70
31970   3   2   4   5   8   8   9   8   7   5   5   4  68
31981   3   3   5   7   9   9  11  10   8   7   5   4  81
31986   3   2   5   6   9   9  10   9   7   5   5   3  73
31987   3   3   5   6   9   9  10   9   8   6   6   4  78
31995   3   2   4   6   8   8   9   8   7   6   4   3  68
32010   8   6   7   7   8   6   7   9  10  13  17  14 112
32014   7   5   5   5   7   6   6   9   9  13  16  11  99
32017   6   4   6   6   7   6   7   9   9  11  11   8  90
32036   7   6   7   8   8   7   8  11  10  11   8   8  99
32053   8   6   9   8   9   7   7  10  10  11   8   9 102
32054   8   7   9   9   9   7   8  11  12  12   9   9 110
32059   7   6   8   7   8   8   8  11  10  11   8   7  99
32061   9   7   7   6   9   6   7  10  11  12  11  14 109
32069   8   6   7   7   9   6   7  10  11  12  12  12 107
32071   9   8   9   7   9   7   7  11  12  14  15  14 122
32088  12   7   6   6   8   6   7   9  11  11  11  13 107
32092   5   5   6   7   8   7   8  10  10  10   8   6  90
32098   4   4   6   7   8   7   8   9   9   8   7   5  82
32116   6   5   8   8   8   9  10  10  10  10   8   6  98
32121  13   8   9   8   9   6   8   8  10  10  11  14 114
32128  14  10   8   8   9   8   8  10  10  11  13  15 124
32136   8   6   8   7   8   8   9   9  10   9   8   9  99
32145  17  12   9   8   9   7   9   9   9  11  12  16 128
32149  18  14  11   8   8   7   8   9   9  11  15  19 137
32150   9   7   8   8   8   7   8   9  10  11  11  11 107
32156   8   6   7   8   8   6   8   9   9  10   9   9  97
32158   7   6   8   8   8   7   8   9  10   9  10   9  99
32165  11   8   9  10  11  10  13  11  12  11  13  13 132
32174  19  13  12   9   9   8  10   8  10  14  17  20 149
32215  20  18  18  13  10   9   9  10  12  18  22  24 183
32246   9   9   9   7   7   6   8  10   9  12   9   9 104
32287   5   5   5   6   6   7   7  10  11  14  15   9 100
32293   4   4   5   6   6   7   8  11  12  12  12   7  94
32363   4   5   5   4   5   8  10  11   9   8   8   5  82
32379   7   6   5   4   4   5   6   9   7   7   7   8  75
32389  12  11   9   7   6   7   8   9   8   9  10  11 107
32408  13  11  11   8   7   6   7   9   9  11  11  13 116
32447   6   5   5   4   6   7   8  10   7   7   7   6  78
32477   8   6   7   7   7   7   9  12  13  17  18  12 123
32496   9   8   7   6   6   7   9  10   8   9   8   9  96
32497  13  11  10   8   7   8  10  11   9  12  11  13 123
32539  11   9  10   9   7   7   8  11  11  15  14  11 123
32547   7   7   8   8   8   8   9  11   9  12   9   8 104
32562   9   8   8   7   8   7  10  12  13  17  18  13 130
32583   9   8   9   8   7   7   8  10   8  10   9   8 101
32586  10   8   9   8   7   7   9  10   9  10   9   8 104
32594  12  10  10   8   8   7   9  12  12  17  17  15 137
32618  14  14  12  10   8   6   7   9  10  15  16  15 136
33166  10   9   9   8   9  10  10   7   9   9   9  10 109
34001  10  10   9   8   9  11  10   8   9   9   9  10 112
34003  10  10   8   8   8  10  10   8   9   9   9  10 109
34005  10   9   8   8   8  10  10   7   9   9   9  10 107
34009  10   9   9   8   8  10  10   8   9   9   9  10 109
34013   9   8   7   7   7   9   9   7   8   8   8   9  96
34026   9   8   7   6   7   9   8   6   8   8   8   8  92
34036  11   8   7   6   7  10   8   6   8   8  10  11 100
34047  10   8   6   5   6   8   7   5   8   7   9  10  89
34049   9   7   6   5   7   8   8   5   7   8   9  10  89
34056  11   8   7   6   6   9   8   6   7   8  10  11  97
34059  10   8   7   6   6   9   7   6   7   7   9  10  92
34063   9   7   7   6   6   9   8   7   7   7   8   9  90
34069  10   7   7   5   7   8   7   6   7   7   9  10  90
34072  10   8   7   6   6   8   8   6   7   8   9  10  93
34083  10   8   7   6   6   7   7   6   6   7   8  10  88
34098   8   7   6   6   6   7   6   5   6   7   7   9  80
34109  10   9   8   8   8  10   8   7   8   8   9  10 103
34110  10   9   8   7   8   9   9   6   9   8   8   9 100
34112  10   9   8   7   7   9   9   7   8   8   9  10 101
34116   8   8   7   6   7   9   8   6   8   8   8   8  91
34121  11   9   8   7   8   9   9   6   8   8   8  10 101
34123  10   8   8   7   7  10   8   6   8   8   8   9  97
34139  10   7   7   6   8   8   9   5   8   8   8  10  94
34146  10   8   6   5   7   8   8   5   7   7   9  10  90
34152  11   8   7   6   6   9   8   5   7   7   9  11  94
34163  10   7   7   6   7   8   7   6   6   7   9   9  89
34164   9   7   7   6   6   8   7   5   7   7   8   9  86
34169   9   7   6   6   6   8   6   5   6   6   8   9  82
34173   9   7   6   5   5   7   7   5   6   7   8   9  81
34177   9   7   6   5   5   7   6   5   6   6   7   8  77
34186   8   6   5   5   5   7   6   5   5   7   7   8  74
34199   9   6   5   4   5   6   5   5   5   6   6   8  70
34202  10   9   9   8   8   9   9   6   9   8   9  10 104
34213   9   8   8   7   8   9   8   6   7   7   8   9  94
34214  10   9   9   7   8   9   8   6   8   7   8  10  99
34231  10   8   7   6   7   9   7   5   7   8   8   9  91
34237   9   8   7   5   7   8   7   5   7   7   8  10  88
34238  10   8   7   6   7   8   8   6   8   8   9  10  95
34240   8   6   6   5   7   8   7   5   7   6   7   8  80
34247  10   7   7   5   6   8   8   5   7   6   8  10  87
34253  10   7   7   5   6   7   7   4   6   7   8  10  84
34254  11   8   7   5   7   7   7   5   6   7   8  11  89
34267  10   8   7   6   7   7   6   4   6   6   8  10  85
34273   9   6   5   5   5   5   5   5   6   6   7   8  72
34289   7   6   5   5   5   5   5   4   5   6   6   7  66
34321   9   8   8   7   8   9   8   6   7   7   8   9  94
34336  10   8   7   5   7   8   8   5   7   7   8  10  90
34344   9   8   7   5   7   8   7   5   6   6   8  10  86
34352   9   7   7   5   6   7   6   5   6   6   8   9  81
34356  10   8   6   6   6   7   6   4   6   6   8  10  83
34357   8   7   6   5   7   7   7   4   6   6   7   9  79
34362   9   7   5   5   5   6   5   4   5   5   7   9  72
34363   8   7   6   5   6   7   6   4   5   6   7   9  76
34373   8   6   5   5   6   6   5   4   5   6   6   8  70
34391   8   6   5   5   5   5   4   4   4   6   6   8  66
34432  10   9   8   6   6   8   7   5   7   6   8  10  90
34438   9   8   7   6   7   8   7   5   6   6   8  10  87
34445  10   8   7   6   7   7   7   4   6   6   8  10  86
34461   9   7   6   5   6   7   6   4   5   6   6   8  75
34476   6   4   4   4   5   5   4   3   4   5   5   6  55
34535   7   7   7   5   6   7   6   4   5   5   7   8  74
34539   9   8   7   6   7   7   6   4   6   6   7   9  82
34545   9   7   7   6   6   7   6   4   5   6   7   9  79
34555   8   6   6   5   6   6   5   4   5   5   6   9  71
34561   9   7   6   5   6   6   4   3   5   6   7   9  73
34578   6   5   4   4   4   5   3   3   4   5   6   7  56
34579   6   5   5   4   5   5   4   3   4   5   5   7  58
34625   8   7   7   7   7   7   6   4   6   6   7   8  80
34635   9   7   8   7   8   8   6   4   6   6   8   9  86
34636   9   7   7   7   7   7   6   5   6   6   7   9  83
34644   9   7   7   6   7   6   6   4   6   6   8  10  82
34646   9   7   7   5   7   7   6   4   5   6   7   9  79
34662   7   5   5   4   5   6   4   4   4   5   6   8  63
34668   7   5   5   4   6   6   4   4   5   5   6   7  64
34687   6   4   5   4   5   4   3   3   3   4   5   6  52
34719   8   7   7   6   5   5   4   3   5   6   7   8  71
34720   9   8   8   7   6   7   5   4   6   6   8   9  83
34725   8   7   7   6   5   6   5   4   5   6   7   8  74
34727   8   7   8   7   6   7   5   4   6   6   7   9  80
34729   9   7   8   7   7   7   6   5   5   6   8   9  84
34730   9   8   8   7   7   7   6   5   5   6   8  10  86
34735  10   8   8   7   8   8   6   5   6   6   8   9  89
34737  10   8   8   7   8   8   6   5   5   7   8  10  90
34740   8   7   7   7   8   7   6   5   5   6   8   9  83
34742   9   7   7   6   7   7   6   5   5   6   8   9  82
34743   8   7   6   5   7   7   6   4   5   6   7   9  77
34759   7   6   6   5   7   7   5   4   5   5   7   7  71
34772   6   4   4   4   5   5   3   3   3   4   5   5  51
34785   4   4   3   3   4   4   3   3   3   3   5   5  44
34824   9   7   8   7   6   7   5   5   5   6   8   9  82
34825  10   8   8   7   7   7   6   5   6   7   9  10  90
34834   9   7   8   7   8   8   6   5   6   7   9  10  90
34836  10   8   8   7   8   9   6   5   6   7   8   9  91
34838  10   7   8   7   8   8   6   5   5   6   8   9  87
34845   8   7   6   7   8   8   6   4   5   6   8   8  81
34848   8   7   7   7   8   7   6   5   6   6   8   8  83
34858   7   5   6   5   7   7   6   4   5   5   7   7  71
34861   7   5   6   5   6   7   5   5   4   5   6   7  68
34866   4   3   4   4   6   5   5   3   3   4   5   4  50
34868   7   5   5   5   7   6   5   4   4   5   6   6  65
34871   5   4   4   4   5   5   3   3   3   4   5   5  50
34880   4   3   3   4   4   4   4   3   3   4   4   4  44
34887   4   4   4   4   4   4   4   3   3   3   4   4  45
34894   4   3   3   3   4   3   2   2   2   2   3   4  35
34915   9   8   8   7   6   6   4   5   5   6   9  10  83
34922  10   8   9   7   7   8   4   5   5   6   9  10  88
34924   9   8   9   7   7   7   5   4   6   7   9  10  88
34926  10   8   9   8   8   9   6   5   6   7   9  10  95
34927  10   8   8  11   8   9   6   5   6   7   9  10  97
34936  10   8   8   8   9   9   6   5   7   7   9  10  96
34937  10   8   9   8   9   9   6   5   6   7   9  10  96
34944   9   7   8   8   8   8   6   5   6   7   9   9  90
34945   8   7   7   8   9   8   7   5   6   7   9   8  89
34949   6   6   7   7   9   8   7   5   6   6   8   7  82
34954   6   5   6   6   8   8   6   5   5   6   7   6  74
34958   6   5   6   6   7   7   6   5   5   6   7   7  73
34964   6   4   5   5   6   7   5   4   4   5   6   6  63
34975   4   3   4   5   5   5   4   3   4   4   4   4  49
34984   4   3   4   4   4   4   3   3   3   3   4   5  44
35001   9   7   6   6   6   7   7   6   6   7   8   9  84
35007  10   8   7   5   5   7   6   6   6   7   8   9  84
35008   9   6   6   5   5   7   5   5   5   6   7   8  74
35011   9   6   6   5   6   8   6   6   6   7   7   8  80
35015  10   7   6   5   6   7   6   6   6   7   7   9  82
35022  12   9   7   6   7   7   7   7   7   8  10  12  99
35026  12   8   8   7   8   8   9   7   7   8  11  11 104
35037   6   5   5   5   6   6   7   5   5   5   6   6  67
35038   6   5   5   5   6   6   7   6   5   5   5   6  67
35039   5   4   5   5   6   6   7   5   5   5   5   5  63
35041   7   6   5   6   7   6   7   6   5   6   6   7  74
35112   9   6   7   5   5   7   6   5   5   7   8   9  79
35120   9   6   6   5   6   6   5   5   5   6   8   9  76
35121   8   6   6   5   6   6   6   5   5   6   8   8  75
35125   7   5   5   5   6   6   7   5   5   6   7   8  72
35126  11   7   7   6   7   6   7   6   6   7   9  10  89
35127   9   6   6   6   6   6   6   5   5   6   8   9  78
35138   6   5   5   5   6   6   6   5   4   5   6   7  66
35148   5   4   4   5   6   5   6   4   4   4   5   5  57
35233   7   5   6   5   7   6   7   5   4   6   7   6  71
36020   6   5   5   6   6   7   7   6   6   7   7   7  75
36021   4   4   4   4   5   7   7   6   5   6   6   5  63
36024   7   5   5   5   5   8   7   6   6   7   7   8  76
36028   4   4   4   5   6   6   8   5   4   5   6   6  63
36032   6   6   5   5   7   7   9   6   7   6   8   8  80
36033   7   6   5   6   7   7   8   6   6   7   8   9  82
36034   4   4   4   5   6   7   8   6   6   6   6   6  68
36036   5   4   5   7   8   8  10   7   7   7   7   6  81
36038  10   8   9   8   9   8  10   8   7   9  11  12 109
36041   6   5   5   6   8   8   8   7   7   8   8   8  84
36044   6   4   5   7   9   8   9   7   7   7   7   7  83
36045   4   4   5   9  11  10  12  10   8   8   7   6  94
36047   4   4   5   8  11  11  12   9   9   8   7   5  93
36055   7   6   7  10  11  12  13  12  10  10   9   9 116
36057   3   3   4   8  10  12  14  12   9   6   4   3  88
36058   3   3   4   7  10  13  14  12   9   6   5   3  89
36061   9   7   7  10  12  12  13  12  12  11  11  12 128
36064   5   4   6  11  13  15  15  14  12  10   9   8 122
36073   6   3   3   8  11  14  16  15  12   9   7   7 111
36078   1   1   1   1   3   6  10   7   3   1   1   1  36
36083   2   1   1   2   5   9  12  11   7   3   3   3  59
36087   2   1   2   2   3   8  10   8   5   2   2   2  47
36090   2   2   3   4   6   9  12  10   7   4   4   3  66
36091   5   2   2   3   6   9  12  11   8   4   5   7  74
36092   5   2   2   3   5   9  10   9   7   4   6   7  69
36096   3   1   1   2   3   6   8   7   5   2   4   4  46
36099   3   2   3   5   6   8  11   9   7   5   5   4  68
36103   3   2   2   4   7  10  11  11   8   5   5   5  73
36104   4   2   3   3   6   8  10   9   6   5   5   5  66
36213   1   1   2   6   9  10  12   9   6   5   3   2  66
36229   4   3   2   6   9  11  12  11   8   6   5   5  82
36231   2   1   2   5   9  11  13  12   7   5   4   3  74
36237   3   3   2   6   9  11  12  11   8   6   5   6  82
36278   1   1   1   2   3   5  10   7   3   2   3   2  40
36307   2   1   2   2   3   5   8   6   4   2   3   4  42
36442   5   4   6  10  12  13  15  14  10   9   9   7 114
37001   9   8   8   7   5   5   4   3   5   6   8  10  78
37002  10   8   9   7   7   7   5   5   5   7   9  10  89
37004  11   9   9   8   6   6   5   4   5   6   9  11  89
37006  11  10  10   8   7   6   5   4   6   6  10  11  94
37009  13  10  11   9   8   7   5   5   7   8  11  12 106
37013   9   8   8   9   9   9   5   6   7   8  10  10  98
37014  11  10  10   8   8   9   6   6   7   8  11  12 106
37017  15  13  13  11  10   9   7   7   9   9  12  15 130
37018  14  11  12  10   8   7   6   6   7   8  11  13 113
37021   8   7   8   9  10   9   6   6   8   8   9   9  97
37026   7   7   7   8  10  10   7   7   7   7   8   8  93
37027   6   6   7  10  12  12   9   8   8   8   9   7 102
37028   5   5   7  10  13  13  10  10   9   7   7   6 102
37031   7   7   7   8   9   8   7   6   6   7   9   8  89
37035   6   6   7   8  10  10   8   7   7   7   7   6  89
37036   6   6   6   8   9   9   7   7   6   6   7   7  84
37047   6   5   6   8  10  10   8   8   7   7   7   6  88
37051   7   7   7   6   8   8   6   6   5   7   9   8  84
37054   5   5   6   8   9   9   7   6   5   6   6   6  78
37056   6   6   6   6   8   7   5   5   5   6   7   7  74
37058   7   7   8   7   7   9   6   6   6   7   7   7  84
37061   7   5   6   6   7   7   5   4   5   6   7   7  72
37077   7   5   5   5   6   6   5   4   5   5   7   7  67
37079   6   4   4   4   5   5   4   3   3   4   5   6  53
37082   4   3   4   4   5   5   4   3   3   3   4   4  46
37085   4   3   4   4   5   4   4   3   3   4   5   5  48
37089   4   3   3   4   4   3   3   2   3   3   4   4  40
37099  13  11  11  11   9   7   7   6   8  10  12  14 119
37107  15  13  14  14  12  11   9   8   9  11  13  14 143
37112   4   5   6  10  13  14  12  10   9   7   5   4  99
37123   5   5   7   9  13  13  11   9   8   7   6   5  98
37126   5   5   6  11  14  15  13  12   9   6   5   4 105
37144   6   6   6   6   9   8   6   5   5   6   7   7  77
37145   7   6   6   6   7   7   6   5   5   6   7   8  76
37157   7   6   7   5   7   6   5   4   5   6   7   8  73
37163   5   5   4   4   5   4   4   3   4   4   5   5  52
37169   7   7   6   5   6   6   5   4   5   6   7   8  72
37171  13  11  11  10   9   7   6   5   8  10  11  13 114
37193   6   6   8  10  12  12  10   9   8   8   8   6 103
37196  11  11  12  14  14  14  12  11  11  11  12  11 144
37212   6   6   8   9  11  11   8   7   7   8   7   6  94
37227   6   6   9  10  13  12  10   9   9   9   7   6 106
37228   6   6   9  10  14  13  10   9   9   8   7   6 107
37244   7   6   7   5   8   7   6   6   5   7   7   7  78
37248   8   7   7   5   7   7   6   6   5   7   7   7  79
37369   3   3   5   7  12  14  11  10   8   5   4   3  85
37461   5   7  10  14  15  15  13  12   9   8   6   5 119
37463   3   3   5   7  12  13  11  10   7   4   3   2  80
37468   3   4   6  10  12  12   9   8   7   6   5   4  86
37470   7   7   5   4   5   4   3   4   5   6   7   7  64
37471   5   5   6   6   9   9   7   7   7   6   6   5  78
37472   6   5   5   4   5   4   3   4   5   5   6   6  58
37473   5   5   4   3   5   4   3   4   5   6   6   5  55
37474   3   4   4   5   9  10   8   8   6   3   3   3  66
37475   5   5   5   5   7   7   5   6   7   6   6   4  68
37477   3   4   6   9  13  14  12  11   7   5   4   3  91
37479   6   7   7   6   8   8   6   7   8   9   8   6  86
37597   5   6   7   6   7   6   5   6   7   8   7   6  76
37663   3   4   5   7   9   9   6   6   5   5   4   3  66
